2008,1,3,276	
2008,1,3,268	
2008,1,3,215	
2008,1,3,203	
2008,1,3,184	
2008,1,3,176	
2008,1,3,154	
2008,1,3,144	
2008,1,3,139	
2008,1,3,131	
2008,1,3,129	
2008,1,3,118	
2008,1,3,111	
2008,1,3,97	
2008,1,3,88	
2008,1,3,68	
2008,1,3,63	
2008,1,3,54	
2008,1,3,35	
2008,1,3,35	
2008,1,3,35	
2008,1,3,-2	
2008,1,3,-6	
2008,1,3,-11	
2008,1,4,236	
2008,1,4,171	
2008,1,4,169	
2008,1,4,168	
2008,1,4,139	
2008,1,4,132	
2008,1,4,105	
2008,1,4,101	
2008,1,4,82	
2008,1,4,78	
2008,1,4,70	
2008,1,4,69	
2008,1,4,49	
2008,1,4,48	
2008,1,4,39	
2008,1,4,31	
2008,1,4,24	
2008,1,4,9	
2008,1,4,6	
2008,1,4,4	
2008,1,4,-9	
2008,1,5,270	
2008,1,5,233	
2008,1,5,218	
2008,1,5,171	
2008,1,5,165	
2008,1,5,156	
2008,1,5,118	
2008,1,5,112	
2008,1,5,97	
2008,1,5,93	
2008,1,5,78	
2008,1,5,65	
2008,1,5,55	
2008,1,5,54	
2008,1,5,50	
2008,1,5,38	
2008,1,5,35	
2008,1,5,20	
2008,1,5,-13	
2008,1,6,138	
2008,1,6,89	
2008,1,6,88	
2008,1,6,76	
2008,1,6,70	
2008,1,6,43	
2008,1,6,24	
2008,1,6,6	
2008,1,6,2	
2008,1,6,-9	
2008,1,6,-14	
2008,1,6,-16	
