ABQ,288,10,2008,1,3	
ALB,107,714,2008,1,3	
AMA,102,510,2008,1,4	
AUS,118,330,2008,1,4	
BDL,189,1018,2008,1,5	
BHM,163,313,2008,1,3	
BNA,127,2032,2008,1,4	
BOI,152,1041,2008,1,5	
BUF,66,2975,2008,1,3	
BUR,210,1072,2008,1,3	
BWI,244,505,2008,1,5	
CLE,178,3587,2008,1,3	
CMH,126,1602,2008,1,5	
CRP,160,35,2008,1,5	
DAL,164,35,2008,1,5	
DEN,133,1426,2008,1,5	
DTW,53,3915,2008,1,3	
ELP,124,330,2008,1,4	
FLL,139,3136,2008,1,3	
GEG,166,2121,2008,1,4	
HOU,304,186,2008,1,3	
HRL,57,1936,2008,1,3	
IAD,119,29,2008,1,3	
IND,254,1924,2008,1,3	
ISP,97,969,2008,1,3	
JAN,220,405,2008,1,3	
JAX,107,2804,2008,1,4	
LAS,296,1924,2008,1,5	
LAX,213,442,2008,1,5	
LBB,59,2382,2008,1,4	
LIT,216,753,2008,1,4	
MAF,97,138,2008,1,5	
MCI,224,2208,2008,1,4	
MCO,203,401,2008,1,5	
MDW,207,106,2008,1,3	
MHT,172,396,2008,1,4	
MSY,85,78,2008,1,4	
OAK,239,1179,2008,1,5	
OKC,68,1257,2008,1,3	
OMA,171,479,2008,1,6	
ONT,160,835,2008,1,5	
ORF,105,1828,2008,1,6	
PBI,59,733,2008,1,5	
PDX,237,2011,2008,1,4	
PHL,124,1843,2008,1,6	
PHX,500,1684,2008,1,5	
PIT,129,337,2008,1,4	
PVD,246,505,2008,1,5	
RDU,94,1262,2008,1,6	
RNO,153,2360,2008,1,6	
RSW,132,3413,2008,1,3	
SAN,441,1684,2008,1,5	
SAT,126,1394,2008,1,3	
SDF,108,74,2008,1,3	
SEA,172,3600,2008,1,4	
SFO,276,1837,2008,1,3	
SJC,228,1276,2008,1,4	
SLC,176,401,2008,1,5	
SMF,179,3600,2008,1,4	
SNA,129,80,2008,1,5	
STL,142,745,2008,1,5	
TPA,120,1153,2008,1,3	
TUL,119,574,2008,1,4	
TUS,116,3142,2008,1,4	
