2008   1   3   304
2008   1   3   288
2008   1   3   276
2008   1   3   268
2008   1   3   266
2008   1   3   254
2008   1   3   220
2008   1   3   215
2008   1   3   210
2008   1   3   207
2008   1   3   203
2008   1   3   202
2008   1   3   184
2008   1   3   178
2008   1   3   176
2008   1   3   166
2008   1   3   163
2008   1   3   159
2008   1   3   154
2008   1   3   147
2008   1   3   146
2008   1   3   144
2008   1   3   141
2008   1   3   139
2008   1   3   137
2008   1   3   133
2008   1   3   132
2008   1   3   131
2008   1   3   130
2008   1   3   129
2008   1   3   126
2008   1   3   123
2008   1   3   121
2008   1   3   120
2008   1   3   119
2008   1   3   118
2008   1   3   115
2008   1   3   114
2008   1   3   113
2008   1   3   112
2008   1   3   111
2008   1   3   109
2008   1   3   108
2008   1   3   107
2008   1   3   106
2008   1   3   105
2008   1   3   104
2008   1   3   103
2008   1   3   99
2008   1   3   98
2008   1   3   97
2008   1   3   96
2008   1   3   95
2008   1   3   94
2008   1   3   93
2008   1   3   92
2008   1   3   91
2008   1   3   90
2008   1   3   89
2008   1   3   88
2008   1   3   87
2008   1   3   86
2008   1   3   85
2008   1   3   84
2008   1   3   83
2008   1   3   82
2008   1   3   81
2008   1   3   80
2008   1   3   79
2008   1   3   78
2008   1   3   77
2008   1   3   76
2008   1   3   75
2008   1   3   74
2008   1   3   73
2008   1   3   72
2008   1   3   71
2008   1   3   70
2008   1   3   69
2008   1   3   68
2008   1   3   67
2008   1   3   66
2008   1   3   65
2008   1   3   64
2008   1   3   63
2008   1   3   62
2008   1   3   61
2008   1   3   60
2008   1   3   59
2008   1   3   58
2008   1   3   57
2008   1   3   56
2008   1   3   55
2008   1   3   54
2008   1   3   53
2008   1   3   52
2008   1   3   51
2008   1   3   50
2008   1   3   49
2008   1   3   48
2008   1   3   47
2008   1   3   46
2008   1   3   45
2008   1   3   44
2008   1   3   43
2008   1   3   42
2008   1   3   41
2008   1   3   40
2008   1   3   39
2008   1   3   38
2008   1   3   37
2008   1   3   36
2008   1   3   35
2008   1   3   34
2008   1   3   33
2008   1   3   32
2008   1   3   31
2008   1   3   30
2008   1   3   29
2008   1   3   28
2008   1   3   27
2008   1   3   26
2008   1   3   25
2008   1   3   24
2008   1   3   23
2008   1   3   22
2008   1   3   21
2008   1   3   20
2008   1   3   19
2008   1   3   18
2008   1   3   17
2008   1   3   16
2008   1   3   15
2008   1   3   14
2008   1   3   13
2008   1   3   12
2008   1   3   11
2008   1   3   10
2008   1   3   9
2008   1   3   8
2008   1   3   7
2008   1   3   6
2008   1   3   5
2008   1   3   4
2008   1   3   3
2008   1   3   2
2008   1   3   1
2008   1   3   0
2008   1   3   -1
2008   1   3   -2
2008   1   3   -3
2008   1   3   -4
2008   1   3   -5
2008   1   3   -6
2008   1   3   -7
2008   1   3   -8
2008   1   3   -9
2008   1   3   -10
2008   1   3   -11
2008   1   3   -12
2008   1   3   -13
2008   1   3   -14
2008   1   3   -15
2008   1   3   -16
2008   1   3   -17
2008   1   3   -18
2008   1   3   -19
2008   1   3   -20
2008   1   3   -21
2008   1   3   -22
2008   1   3   -23
2008   1   3   -24
2008   1   3   -26
2008   1   3   -28
2008   1   3   -29
2008   1   3   -34
2008   1   3   -36
2008   1   4   238
2008   1   4   237
2008   1   4   236
2008   1   4   228
2008   1   4   224
2008   1   4   216
2008   1   4   208
2008   1   4   207
2008   1   4   196
2008   1   4   191
2008   1   4   185
2008   1   4   183
2008   1   4   179
2008   1   4   177
2008   1   4   175
2008   1   4   172
2008   1   4   171
2008   1   4   169
2008   1   4   168
2008   1   4   166
2008   1   4   164
2008   1   4   161
2008   1   4   159
2008   1   4   158
2008   1   4   154
2008   1   4   152
2008   1   4   150
2008   1   4   139
2008   1   4   135
2008   1   4   134
2008   1   4   133
2008   1   4   132
2008   1   4   131
2008   1   4   130
2008   1   4   129
2008   1   4   127
2008   1   4   125
2008   1   4   124
2008   1   4   123
2008   1   4   122
2008   1   4   121
2008   1   4   120
2008   1   4   119
2008   1   4   118
2008   1   4   117
2008   1   4   116
2008   1   4   115
2008   1   4   113
2008   1   4   112
2008   1   4   111
2008   1   4   110
2008   1   4   109
2008   1   4   108
2008   1   4   107
2008   1   4   106
2008   1   4   105
2008   1   4   104
2008   1   4   103
2008   1   4   102
2008   1   4   101
2008   1   4   100
2008   1   4   99
2008   1   4   98
2008   1   4   97
2008   1   4   96
2008   1   4   95
2008   1   4   94
2008   1   4   93
2008   1   4   92
2008   1   4   91
2008   1   4   90
2008   1   4   89
2008   1   4   88
2008   1   4   87
2008   1   4   86
2008   1   4   85
2008   1   4   84
2008   1   4   83
2008   1   4   82
2008   1   4   81
2008   1   4   80
2008   1   4   79
2008   1   4   78
2008   1   4   77
2008   1   4   76
2008   1   4   75
2008   1   4   74
2008   1   4   73
2008   1   4   72
2008   1   4   71
2008   1   4   70
2008   1   4   69
2008   1   4   68
2008   1   4   67
2008   1   4   66
2008   1   4   65
2008   1   4   64
2008   1   4   63
2008   1   4   62
2008   1   4   61
2008   1   4   60
2008   1   4   59
2008   1   4   58
2008   1   4   57
2008   1   4   56
2008   1   4   55
2008   1   4   54
2008   1   4   53
2008   1   4   52
2008   1   4   51
2008   1   4   50
2008   1   4   49
2008   1   4   48
2008   1   4   47
2008   1   4   46
2008   1   4   45
2008   1   4   44
2008   1   4   43
2008   1   4   42
2008   1   4   41
2008   1   4   40
2008   1   4   39
2008   1   4   38
2008   1   4   37
2008   1   4   36
2008   1   4   35
2008   1   4   34
2008   1   4   33
2008   1   4   32
2008   1   4   31
2008   1   4   30
2008   1   4   29
2008   1   4   28
2008   1   4   27
2008   1   4   26
2008   1   4   25
2008   1   4   24
2008   1   4   23
2008   1   4   22
2008   1   4   21
2008   1   4   20
2008   1   4   19
2008   1   4   18
2008   1   4   17
2008   1   4   16
2008   1   4   15
2008   1   4   14
2008   1   4   13
2008   1   4   12
2008   1   4   11
2008   1   4   10
2008   1   4   9
2008   1   4   8
2008   1   4   7
2008   1   4   6
2008   1   4   5
2008   1   4   4
2008   1   4   3
2008   1   4   2
2008   1   4   1
2008   1   4   0
2008   1   4   -1
2008   1   4   -2
2008   1   4   -3
2008   1   4   -4
2008   1   4   -5
2008   1   4   -6
2008   1   4   -7
2008   1   4   -8
2008   1   4   -9
2008   1   4   -10
2008   1   4   -11
2008   1   4   -12
2008   1   4   -13
2008   1   4   -14
2008   1   4   -15
2008   1   4   -16
2008   1   4   -17
2008   1   4   -18
2008   1   4   -19
2008   1   4   -20
2008   1   4   -21
2008   1   4   -22
2008   1   4   -23
2008   1   4   -24
2008   1   4   -25
2008   1   4   -26
2008   1   4   -27
2008   1   4   -28
2008   1   4   -29
2008   1   4   -30
2008   1   4   -31
2008   1   4   -33
2008   1   4   -35
2008   1   4   -36
2008   1   4   -38
2008   1   5   500
2008   1   5   441
2008   1   5   296
2008   1   5   270
2008   1   5   246
2008   1   5   244
2008   1   5   239
2008   1   5   233
2008   1   5   218
2008   1   5   216
2008   1   5   213
2008   1   5   207
2008   1   5   206
2008   1   5   204
2008   1   5   203
2008   1   5   198
2008   1   5   196
2008   1   5   190
2008   1   5   189
2008   1   5   184
2008   1   5   181
2008   1   5   177
2008   1   5   176
2008   1   5   173
2008   1   5   171
2008   1   5   170
2008   1   5   168
2008   1   5   167
2008   1   5   166
2008   1   5   165
2008   1   5   164
2008   1   5   162
2008   1   5   160
2008   1   5   156
2008   1   5   153
2008   1   5   152
2008   1   5   151
2008   1   5   150
2008   1   5   146
2008   1   5   144
2008   1   5   143
2008   1   5   142
2008   1   5   139
2008   1   5   137
2008   1   5   136
2008   1   5   135
2008   1   5   133
2008   1   5   131
2008   1   5   129
2008   1   5   128
2008   1   5   126
2008   1   5   123
2008   1   5   120
2008   1   5   119
2008   1   5   118
2008   1   5   114
2008   1   5   112
2008   1   5   110
2008   1   5   109
2008   1   5   107
2008   1   5   106
2008   1   5   105
2008   1   5   104
2008   1   5   103
2008   1   5   102
2008   1   5   101
2008   1   5   100
2008   1   5   99
2008   1   5   98
2008   1   5   97
2008   1   5   96
2008   1   5   95
2008   1   5   94
2008   1   5   93
2008   1   5   92
2008   1   5   90
2008   1   5   89
2008   1   5   88
2008   1   5   87
2008   1   5   86
2008   1   5   85
2008   1   5   84
2008   1   5   83
2008   1   5   82
2008   1   5   81
2008   1   5   80
2008   1   5   79
2008   1   5   78
2008   1   5   77
2008   1   5   76
2008   1   5   75
2008   1   5   74
2008   1   5   73
2008   1   5   72
2008   1   5   71
2008   1   5   70
2008   1   5   69
2008   1   5   68
2008   1   5   67
2008   1   5   66
2008   1   5   65
2008   1   5   64
2008   1   5   63
2008   1   5   62
2008   1   5   61
2008   1   5   60
2008   1   5   59
2008   1   5   58
2008   1   5   57
2008   1   5   56
2008   1   5   55
2008   1   5   54
2008   1   5   53
2008   1   5   52
2008   1   5   51
2008   1   5   50
2008   1   5   49
2008   1   5   48
2008   1   5   47
2008   1   5   46
2008   1   5   45
2008   1   5   44
2008   1   5   43
2008   1   5   42
2008   1   5   41
2008   1   5   40
2008   1   5   39
2008   1   5   38
2008   1   5   37
2008   1   5   36
2008   1   5   35
2008   1   5   34
2008   1   5   33
2008   1   5   32
2008   1   5   31
2008   1   5   30
2008   1   5   29
2008   1   5   28
2008   1   5   27
2008   1   5   26
2008   1   5   25
2008   1   5   24
2008   1   5   23
2008   1   5   22
2008   1   5   21
2008   1   5   20
2008   1   5   19
2008   1   5   18
2008   1   5   17
2008   1   5   16
2008   1   5   15
2008   1   5   14
2008   1   5   13
2008   1   5   12
2008   1   5   11
2008   1   5   10
2008   1   5   9
2008   1   5   8
2008   1   5   7
2008   1   5   6
2008   1   5   5
2008   1   5   4
2008   1   5   3
2008   1   5   2
2008   1   5   1
2008   1   5   0
2008   1   5   -1
2008   1   5   -2
2008   1   5   -3
2008   1   5   -4
2008   1   5   -5
2008   1   5   -6
2008   1   5   -7
2008   1   5   -8
2008   1   5   -9
2008   1   5   -10
2008   1   5   -11
2008   1   5   -12
2008   1   5   -13
2008   1   5   -14
2008   1   5   -15
2008   1   5   -16
2008   1   5   -17
2008   1   5   -18
2008   1   5   -19
2008   1   5   -20
2008   1   5   -21
2008   1   5   -22
2008   1   5   -23
2008   1   5   -24
2008   1   5   -25
2008   1   5   -26
2008   1   5   -27
2008   1   5   -28
2008   1   5   -29
2008   1   5   -30
2008   1   5   -31
2008   1   5   -32
2008   1   5   -33
2008   1   5   -35
2008   1   5   -38
2008   1   6   190
2008   1   6   186
2008   1   6   182
2008   1   6   171
2008   1   6   170
2008   1   6   160
2008   1   6   153
2008   1   6   152
2008   1   6   149
2008   1   6   138
2008   1   6   133
2008   1   6   131
2008   1   6   130
2008   1   6   124
2008   1   6   123
2008   1   6   121
2008   1   6   119
2008   1   6   118
2008   1   6   117
2008   1   6   112
2008   1   6   111
2008   1   6   110
2008   1   6   105
2008   1   6   100
2008   1   6   96
2008   1   6   95
2008   1   6   94
2008   1   6   93
2008   1   6   92
2008   1   6   90
2008   1   6   89
2008   1   6   88
2008   1   6   87
2008   1   6   85
2008   1   6   84
2008   1   6   83
2008   1   6   81
2008   1   6   80
2008   1   6   79
2008   1   6   77
2008   1   6   76
2008   1   6   74
2008   1   6   73
2008   1   6   72
2008   1   6   71
2008   1   6   70
2008   1   6   69
2008   1   6   68
2008   1   6   67
2008   1   6   66
2008   1   6   65
2008   1   6   64
2008   1   6   63
2008   1   6   62
2008   1   6   61
2008   1   6   60
2008   1   6   58
2008   1   6   57
2008   1   6   56
2008   1   6   55
2008   1   6   54
2008   1   6   53
2008   1   6   52
2008   1   6   50
2008   1   6   49
2008   1   6   48
2008   1   6   47
2008   1   6   46
2008   1   6   45
2008   1   6   44
2008   1   6   43
2008   1   6   42
2008   1   6   41
2008   1   6   40
2008   1   6   39
2008   1   6   38
2008   1   6   37
2008   1   6   36
2008   1   6   35
2008   1   6   34
2008   1   6   33
2008   1   6   32
2008   1   6   31
2008   1   6   30
2008   1   6   29
2008   1   6   28
2008   1   6   27
2008   1   6   26
2008   1   6   25
2008   1   6   24
2008   1   6   23
2008   1   6   22
2008   1   6   21
2008   1   6   20
2008   1   6   19
2008   1   6   18
2008   1   6   17
2008   1   6   16
2008   1   6   15
2008   1   6   14
2008   1   6   13
2008   1   6   12
2008   1   6   11
2008   1   6   10
2008   1   6   9
2008   1   6   8
2008   1   6   7
2008   1   6   6
2008   1   6   5
2008   1   6   4
2008   1   6   3
2008   1   6   2
2008   1   6   1
2008   1   6   0
2008   1   6   -1
2008   1   6   -2
2008   1   6   -3
2008   1   6   -4
2008   1   6   -5
2008   1   6   -6
2008   1   6   -7
2008   1   6   -8
2008   1   6   -9
2008   1   6   -10
2008   1   6   -11
2008   1   6   -12
2008   1   6   -13
2008   1   6   -14
2008   1   6   -15
2008   1   6   -16
2008   1   6   -17
2008   1   6   -18
2008   1   6   -19
2008   1   6   -20
2008   1   6   -21
2008   1   6   -22
2008   1   6   -23
2008   1   6   -24
2008   1   6   -25
2008   1   6   -26
2008   1   6   -27
2008   1   6   -28
2008   1   6   -29
2008   1   6   -30
2008   1   6   -31
2008   1   6   -32
2008   1   6   -34
2008   1   6   -35
